comp	id	subreddit	created	ranks	recorded_at	rank_length
0	3ckf7b	pics	1436373189.0	[1, 1, 3, 5]	[1436392502, 1436396101, 1436399701, 1436403301]	4.0
0	3csv79	UpliftingNews	1436538581.0	[16, 24]	[1436558101, 1436594101]	2.0
0	3ccx4y	gifs	1436223351.0	[6, 7, 7, 10]	[1436259301, 1436262901, 1436266501, 1436273701]	4.0
0	3bldf2	todayilearned	1435636909.0	[4, 3]	[1435665301, 1435668901]	2.0
0	3acrl2	pics	1434677487.0	[0, 0, 0, 4]	[1434686101, 1434689701, 1434693301, 1434714901]	4.0
0	3cosrl	space	1436457300.0	[22, 16, 15, 14, 15, 17, 15, 18, 18]	[1436489702, 1436493301, 1436496901, 1436500501, 1436504101, 1436507701, 1436511301, 1436518501, 1436522101]	9.0
0	3d2m5l	pics	1436748860.0	[6]	[1436781302]	1.0
0	3b5ll4	nottheonion	1435291130.0	[14, 14, 17]	[1435326901, 1435330501, 1435334101]	3.0
0	3a7l67	Showerthoughts	1434575878.0	[16, 13]	[1434617702, 1434628502]	2.0
