xbins, ybins, xmin, xmax, ymin, ymax
15, 25, 0, 15, 0, 25
 0,   226,   226,   0,   0,   0,   0,   0,   0,   0,   0,   0,   0,   0,   0
 284,   270,   0,   0,   0,   0,   0,   0,   0,   0,   0,   0,   0,   0,   0
 0,   0,   0,   270,   0,   0,   0,   0,   0,   0,   0,   0,   0,   0,   0
 248,   511,   220,   284,   0,   0,   0,   0,   0,   0,   0,   0,   0,   0,   0
 291,   333,   0,   0,   0,   0,   0,   0,   0,   0,   0,   0,   0,   0,   0
 448,   324,   376,   0,   328,   270,   0,   0,   0,   0,   0,   0,   0,   0,   0
 111,   260,   0,   0,   0,   0,   0,   0,   0,   0,   0,   0,   0,   0,   0
 138,   624,   600,   0,   0,   58,   270,   0,   0,   0,   0,   0,   0,   0,   0
 305,   195,   481,   0,   0,   0,   0,   0,   0,   0,   0,   0,   0,   0,   0
 999,   969,   481,   600,   0,   0,   0,   0,   0,   0,   0,   0,   0,   0,   0
 349,   675,   816,   1151,   0,   0,   0,   0,   0,   0,   0,   0,   0,   0,   0
 788,   1203,   421,   11,   495,   236,   0,   0,   0,   0,   0,   0,   0,   0,   0
 1826,   497,   1369,   1208,   1323,   0,   294,   236,   0,   0,   0,   0,   0,   0,   0
 577,   1060,   392,   633,   1057,   201,   201,   294,   0,   0,   0,   0,   0,   0,   0
 684,   1038,   471,   321,   31,   114,   75,   0,   0,   0,   0,   0,   0,   0,   0
 443,   1208,   1045,   575,   195,   0,   0,   276,   0,   0,   0,   0,   0,   0,   0
 1520,   305,   1257,   302,   111,   1372,   0,   0,   0,   0,   0,   0,   0,   0,   0
 1126,   183,   0,   638,   20,   504,   0,   0,   0,   0,   0,   0,   0,   0,   0
 1382,   730,   0,   0,   175,   175,   0,   0,   0,   0,   0,   0,   0,   0,   0
 1134,   122,   485,   464,   215,   116,   0,   0,   0,   0,   0,   0,   0,   0,   0
 679,   0,   277,   266,   0,   0,   291,   0,   0,   0,   0,   0,   0,   0,   0
 228,   0,   0,   326,   0,   326,   662,   0,   0,   0,   0,   0,   0,   0,   0
 0,   97,   122,   0,   49,   0,   248,   0,   0,   0,   0,   0,   0,   0,   0
 720,   148,   284,   0,   0,   0,   367,   0,   0,   0,   0,   0,   0,   0,   0
 0,   0,   0,   0,   0,   0,   0,   0,   0,   0,   0,   0,   0,   0,   0
