xbins, ybins, xmin, xmax, ymin, ymax
15, 25, 0, 15, 0, 25
 0,   0,   0,   0,   0,   0,   0,   0,   0,   0,   0,   0,   0,   0,   0
 0,   0,   0,   0,   0,   0,   0,   0,   0,   0,   0,   0,   0,   0,   0
 0,   0,   0,   0,   0,   0,   0,   0,   0,   0,   0,   0,   0,   0,   0
 0,   0,   0,   0,   0,   0,   0,   0,   0,   0,   0,   0,   0,   0,   0
 0,   0,   0,   0,   0,   0,   0,   0,   0,   0,   0,   0,   0,   0,   0
 0,   0,   0,   0,   0,   0,   0,   0,   0,   0,   0,   0,   0,   0,   0
 0,   0,   0,   0,   0,   0,   0,   0,   0,   0,   0,   0,   0,   0,   0
 0,   0,   0,   0,   0,   0,   0,   0,   0,   0,   0,   0,   0,   0,   0
 0,   0,   0,   0,   0,   0,   0,   0,   0,   0,   0,   0,   0,   0,   0
 0,   0,   0,   0,   0,   0,   0,   0,   0,   0,   0,   0,   0,   0,   0
 0,   0,   0,   0,   0,   0,   0,   0,   0,   0,   0,   0,   0,   0,   0
 0,   0,   0,   0,   0,   0,   0,   0,   0,   0,   0,   0,   0,   0,   0
 0,   0,   0,   0,   0,   0,   0,   0,   0,   0,   0,   0,   0,   0,   0
 0,   0,   0,   0,   0,   0,   0,   0,   0,   0,   0,   0,   0,   0,   0
 0,   0,   0,   0,   0,   0,   0,   0,   0,   0,   0,   0,   0,   0,   0
 0,   0,   0,   0,   0,   0,   0,   0,   0,   0,   0,   0,   0,   0,   0
 0,   0,   0,   0,   0,   0,   0,   0,   0,   0,   0,   0,   0,   0,   0
 0,   0,   0,   0,   0,   0,   0,   0,   0,   0,   0,   0,   0,   0,   0
 0,   0,   0,   0,   0,   0,   0,   0,   0,   0,   0,   0,   0,   0,   0
 0,   0,   91,   330,   0,   0,   0,   0,   0,   0,   0,   0,   0,   0,   0
 0,   0,   330,   0,   0,   0,   0,   0,   0,   0,   0,   0,   0,   0,   0
 0,   91,   0,   0,   330,   0,   0,   0,   0,   0,   0,   0,   0,   0,   0
 0,   0,   0,   0,   0,   330,   0,   0,   0,   0,   0,   0,   0,   0,   0
 550,   459,   129,   0,   0,   0,   0,   0,   0,   0,   0,   0,   0,   0,   0
 0,   0,   0,   0,   0,   0,   0,   0,   0,   0,   0,   0,   0,   0,   0
